5f
5e
c3
00 00 00 00 00
00 00 00 00 00 00 00 00
00 00 00 00 00 00 00 00
00 00 00 00 00 00 00 00
00 00 00 00 00 00 00 00
00 00 00 00 00 00 00 00
00 00 00 00 00 00 00 00
00 00 00 00 00 00 00 00
00 00 00 00 00 00 00 00
00 00 00 00 00 00 00 00
00 00 00 00 00 00 00 00
00 00 00 00 00 00 00 00
00 00 00 00 00 00 00 00
00 00 00 00 00 00 00 00
00 00 00 00 00 00 00 00
00 00 00 00 00 00 00 00
00 00 00 00 00 00 00 00
28 9a 64 55 00 00 00 00
d0 9a 64 55 00 00 00 00
d9 9a 64 55 00 00 00 00
5f 19 40 00 00 00 00 00
37 62 30 33 30 64 38 36 00
0e 01 42 01 16 01 14 01 15 01 40 01 0e 01 11 01
