00 00 00 00 00 00 00 00
00 00 00 00 00 00 00 00
00 00 00 00 00 00 00 00
00 00 00 00 00 00 00 00
00 00 00 00 00 00 00 00
00 00 00 00 00 00 00 00
00 00 00 00 00 00 00 00
00 00 00 00 00 00 00 00
00 00 00 00 00 00 00 00
00 00 00 00 00 00 00 00
00 00 00 00 00 00 00 00
00 00 00 00 00 00 00 00
00 00 00 00 00 00 00 00
00 00 00 00 00 00 00 00
00 00 00 00 00 00 00 00
00 00 00 00 00 00 00 00
00 00 00 00 00 00 00 00
54 1a 40 00 00 00 00 00
86 0d 03 7b 00 00 00 00
38 1a 40 00 00 00 00 00
4d 1a 40 00 00 00 00 00
7c 1a 40 00 00 00 00 00
/* rsi */
54 1a 40 00 00 00 00 00
64 0e 03 7b 00 00 00 00
38 1a 40 00 00 00 00 00
4d 1a 40 00 00 00 00 00
/* rdx */
54 1a 40 00 00 00 00 00
a8 0c 03 7b 00 00 00 00
38 1a 40 00 00 00 00 00
19 17 40 00 00 00 00 00
